ES-1948-M-FP-020 G Phrygian 10,0,4,0,6,14,0,16,0,6,0,8
ES-1913-B-JSV-001 D Dorian 9,0,0,0,0,2,0,6,0,8,9,0
ES-1913-B-JSV-002 E Phrygian 5,0,1,0,7,6,0,11,0,7,0,5
ES-1913-B-JSV-003 C Major 4,0,4,0,5,3,0,8,0,2,0,2
ES-1913-B-JSV-004 C Major 6,0,10,0,10,4,0,7,0,2,0,5
ES-1913-B-SJV-005 G Mixolydian 7,0,7,4,0,5,0,4,2,2,5,0
ES-1943-SA-ASF-076 G Major 10,0,9,0,4,0,3,13,0,15,0,20
ES-1943-SA-ASF-089 G Phrygian 0,2,0,0,0,0,5,2,2,7,1,7
ES-1943-SA-ASF-090 G Major 0,12,1,4,16,0,17,0,34,28,0,28
ES-1943-SA-ASF-094 G Minor 12,0,5,1,0,0,0,15,4,3,9,4
ES-1943-SA-ASF-101 G Phrygian 12,2,0,0,3,6,0,10,6,1,6,0
ES-1943-SA-ASF-103 G Major 10,0,2,12,0,8,0,12,13,1,14,0
ES-1943-SA-ASF-123 G Phrygian 19,0,12,0,4,4,0,1,0,10,8,0
ES-1943-SA-ASF-128 G Mixolydian 6,0,0,0,2,0,0,41,0,32,0,12
ES-1943-SA-ASF-131 G Lydian 6,0,6,0,8,16,0,8,0,6,0,0
ES-1943-SA-ASF-137 G Major 4,0,2,0,10,2,0,20,0,12,0,0
ES-1943-SA-ASF-141 G Lydian 6,0,4,22,0,8,0,10,16,0,8,0
ES-1943-SA-ASF-144 G Major 4,0,0,0,2,14,0,10,0,4,4,0
ES-1943-SA-ASF-148 G Aeolian 5,0,1,0,7,1,0,1,0,9,0,6
ES-1943-SA-ASF-151 G Major 6,0,19,0,29,13,0,18,0,9,0,0
ES-1943-SA-ASF-155 G Major 16,0,0,0,0,28,0,0,0,4,0,0
ES-1943-SA-ASF-158 G Major 2,0,13,0,1,0,10,33,2,19,0,19
ES-1943-SA-ASF-012 None Phrygian 69,21,17,17,25,64,14,24,24,33,53,3
ES-1943-SA-ASF-161 D Major 0,0,23,0,17,0,26,0,0,24,0,16
ES-1943-SA-ASF-162 F Major 22,0,2,0,0,10,0,0,0,8,14,0
ES-1943-SA-ASF-169 B Flat Major 3,0,3,4,0,12,0,3,0,4,10,0
ES-1943-SA-ASF-174 D Major 0,1,3,0,3,0,6,6,0,11,0,2
ES-1943-SA-ASF-179 None Lydian 0,0,0,0,2,11,0,10,0,6,4,0
ES-1943-SA-ASF-184 G Major 0,0,18,0,0,0,1,6,0,4,0,7
ES-1943-SA-ASF-189 None Phrygian 1,0,3,0,4,7,0,10,0,1,0,0
ES-1943-SA-ASF-192 D Major 0,0,2,0,2,0,20,10,0,20,0,4
ES-1943-SA-ASF-197 E Flat Major 0,0,0,19,0,15,9,27,29,0,45,11
ES-1943-SA-ASF-199 B Flat Major 3,0,0,0,0,10,0,10,0,10,10,0
ES-1943-SA-ASF-203 None Mixolydian 11,0,5,0,0,2,0,1,0,4,5,1
ES-1943-SA-ASF-206 None Phrygian 2,0,3,0,16,11,0,41,0,22,0,4
ES-1943-SA-ASF-209 F  Minor 7,2,0,1,0,10,0,3,6,2,5,0
ES-1943-SA-ASF-213 E Flat Major 1,0,0,31,0,46,0,27,20,0,14,0
ES-1943-SA-ASF-215 B Flat Major 4,0,1,0,0,4,0,2,0,2,9,0
ES-1943-SA-ASF-244 D Major 0,10,8,0,0,0,2,0,0,14,0,10
ES-1943-SA-ASF-248 C Major 5,0,2,0,4,11,0,30,0,10,0,2
ES-1943-SA-ASF-252 A Flat Major 2,0,0,21,0,0,0,2,30,0,5,0
ES-1943-SA-ASF-256 None Aeolian 2,0,8,0,0,0,0,10,0,14,6,0
ES-1943-SA-ASF-258 C Major 6,0,7,0,13,16,0,30,0,17,0,3
ES-1943-SA-ASF-006 G Phrygian 4,13,3,0,9,1,49,19,8,24,9,44
ES-1948-C-FP-015 G Mixolydian 1,12,0,18,6,6,22,0,12,4,21,12
ES-1948-C-FP-016 G Locrian 22,0,17,3,18,10,3,33,0,12,27,0
ES-1948-AN-FP-018 G Mixolydian 0,0,1,0,4,3,0,6,0,1,0,0
ES-1948-AS-FP-006 G Major 0,13,0,10,51,0,32,0,26,25,0,23
ES-1948-BA-FP-007 G Lydian 15,0,47,8,0,29,0,25,0,20,6,0
ES-1948-GR-FP-004 G Phrygian 7,5,16,0,12,8,2,8,0,20,5,3
ES-1948-SS-FP-017(2) G Phrygian 6,0,0,0,10,0,4,0,17,12,0,5
ES-1948-SS-FP-017 G Phrygian 22,0,20,5,55,8,11,8,24,30,0,30
ES-1948-SS-FP-017b G Phrygian 6,0,0,0,10,0,4,0,17,12,0,5
ES-1948-M-FP-021 G Major 7,0,2,0,4,8,0,11,0,2,0,0
ES-1948-M-FP-022 G Phrygian 0,3,2,0,0,0,5,1,0,13,0,10
ES-1948-M-FP-023 G Phrygian 0,8,11,0,13,0,15,17,0,22,0,14
ES-1948-MA-FP-003 G Minor 0,23,8,0,8,0,38,4,6,4,12,16
ES-1948-IB-FP-008 G Aeolian 25,8,29,1,23,36,2,26,0,34,15,4
ES-1948-IB-FP-009 G Minor 24,0,14,0,12,14,0,8,4,27,0,11
ES-1948-SE-FP-001 G Locrian 7,0,13,0,46,18,5,19,8,26,0,35
ES-1948-SE-FP-002 G Phrygian 1,10,15,0,39,8,0,9,0,46,7,4
ES-1948-SE-FP-005 G Mixolydian 26,0,26,4,0,11,0,37,0,9,0,16
ES-1948-T-FP-010 G Phrygian 0,0,5,3,6,3,0,2,0,4,2,1
ES-1948-T-FP-011 G Phrygian 16,5,2,7,4,7,0,17,2,0,8,2
ES-1948-T-FP-012 G Mixolydian 66,5,83,0,11,75,0,58,0,82,8,74
ES-1948-T-FP-013 G Locrian 3,0,2,0,9,2,0,8,0,7,0,5
ES-1948-T-FP-014 G Phrygian 0,28,6,1,22,0,25,17,0,0,17,24
ES-1948-V-FP-019 G Minor 8,0,2,0,6,0,0,0,6,22,0,10
ES-2006-TE-MAL-061 G Phrygian 10,0,17,0,22,13,1,12,0,10,0,17
ES-2006-TE-MAL-207 G Mixolydian 0,0,0,0,0,0,2,17,0,15,0,13
ES-2012-CO-JAN-001 G Mixolydian 2,0,1,0,5,5,0,8,0,3,0,2
ES-2012-CO-JAN-002 G Major 6,0,10,0,18,8,0,8,0,6,0,8
ES-2012-CO-JAN-003 G Dorian 9,0,12,9,0,3,0,3,0,0,1,0
ES-2012-CO-JAN-004 G Mixolydian 12,0,10,0,10,4,0,13,0,9,0,8
ES-2012-CO-JAN-005 G Major 4,0,1,0,0,6,0,6,0,2,0,3
ES-2012-CO-JAN-006 G Major 10,0,8,1,14,10,0,6,0,4,0,8
ES-2012-CO-JAN-007 G Major 8,0,6,0,12,4,0,20,0,8,0,6
ES-2012-CO-JAN-008 G Phrygian 6,0,4,3,2,5,0,12,6,2,7,1
ES-1980-BU-AJMP-015 G Major 10,0,0,0,0,0,0,16,0,24,0,24
ES-1980-V-AJMP-006 A Minor 4,0,1,0,3,0,0,0,3,11,0,5
ES-1980-BU-AJMP-007 A Minor 10,0,2,0,6,0,0,0,2,16,0,20
ES-1980-BU-AJMP-016 G Jonic 0,0,16,0,8,0,4,16,0,14,0,8
ES-1980-BU-AJMP-027 G Major 18,0,15,0,2,0,0,10,0,16,0,30
ES-1980-BU-AJMP-032 D Jonic 0,30,24,0,0,0,14,14,0,52,0,44
ES-1980-BU-AJMP-033 D Jonic 0,20,24,0,0,0,12,16,0,22,0,20
ES-1980-BU-AJMP-037 C Major 16,0,8,0,8,6,0,22,0,4,0,10
ES-1980-BU-AJMP-046 A Eolian 8,0,2,0,4,0,0,0,0,16,0,24
ES-1980-BU-AJMP-004 E Major 0,0,0,0,8,0,4,0,12,16,0,56
ES-1980-BU-AJMP-005 C Eolian 8,0,10,2,2,1,0,4,0,1,1,4
ES-1980-BU-AJMP-012 E Phrygian 2,0,6,0,16,2,2,6,2,4,0,2
ES-1980-BU-AJMP-013 D Aeolian 0,0,2,0,6,6,0,8,0,8,2,0
ES-1980-BU-AJMP-017 C Major 4,0,0,0,8,4,0,20,0,14,0,6
ES-1980-BU-AJMP-019 E Aeolian 2,0,0,0,1,0,3,7,0,12,0,9
ES-1980-BU-AJMP-020 E Aeolian 2,0,1,0,1,0,3,4,1,9,0,9
ES-1980-BU-AJMP-023 G Major 6,0,6,0,0,0,0,14,0,8,0,14
ES-1980-BU-AJMP-031 C Major 1,0,2,0,19,17,0,44,0,24,0,6
ES-1980-BU-AJMP-034 D Mixolydian 2,0,4,0,0,0,4,10,0,10,0,8
ES-1980-BU-AJMP-041 E Phrygian 6,0,0,0,4,6,2,26,0,8,0,2
ES-1980-BU-AJMP-048 E Major 0,0,0,0,8,0,4,0,12,16,0,56
ES-1991-AV-KS-153 G Jonic 1,0,3,0,8,1,0,14,0,16,0,8
ES-1991-CC-KS-213 G Eolian 2,0,2,0,0,0,0,22,0,44,12,0
ES-1991-CC-KS-228 A Phrygian 6,6,8,0,6,8,0,4,0,24,10,2
ES-1991-SO-KS-554 G Protomelodic 0,0,0,0,0,0,0,6,0,7,0,0
ES-1991-SO-KS-701 C Jonic 0,0,0,0,4,0,0,13,0,9,0,0
ES-1991-SO-KS-702 E Phrygian 0,0,3,0,7,14,0,20,0,4,0,0
ES-1991-SO-KS-703 E Protomelodic 0,0,0,0,6,5,0,35,0,16,0,0
ES-1991-SO-KS-704 G Jonic 5,0,0,0,0,0,0,4,0,6,0,15
ES-1991-SO-KS-717 E Jonic 2,0,0,0,9,9,0,26,0,17,0,7
ES-1991-SO-KS-824 B Aeolian 0,5,2,11,21,0,23,6,0,0,0,4
ES-1992-BU-FO-019 G Eolian 14,0,2,0,7,9,0,31,0,4,5,9
ES-1992-BU-FO-025 G Aeolian 14,0,20,4,4,2,0,8,0,2,2,8
ES-1992-BU-FO-026 G Eolian 12,0,2,0,0,0,4,15,0,14,24,3
ES-1992-BU-FO-027 G Eolian 10,0,3,0,0,0,1,18,0,12,4,5
ES-2000-AS-EMT-002 G Jonic 13,0,10,0,0,0,0,2,0,1,6,0
ES-2000-AS-EMT-004 C Jonic 6,0,0,0,0,0,1,7,0,9,0,7
ES-2000-AS-EMT-005 C Jonic 6,0,1,0,0,0,2,12,0,10,0,3
ES-2000-AS-EMT-007 G Eolian 30,0,24,0,0,0,2,39,0,27,0,28
ES-1980-BU-AJMP-008 C Eolian 12,0,4,1,1,2,0,4,0,1,0,6
ES-1980-BU-AJMP-011 A Minor 14,0,10,0,10,0,2,0,6,18,0,18
ES-1980-BU-AJMP-014 C Major 6,0,10,0,12,8,0,18,0,4,0,4
ES-1980-BU-AJMP-022 C Major 30,0,9,0,0,0,0,21,0,3,0,23
ES-1980-BU-AJMP-024 C Major 14,0,2,0,2,6,0,10,0,6,0,12
ES-1980-BU-AJMP-025 C Major 10,0,6,0,12,10,0,21,0,7,0,6
ES-1980-BU-AJMP-026 C Major 19,0,15,0,28,23,0,57,0,7,0,5
ES-1980-BU-AJMP-028 C Major 8,0,6,0,20,12,0,14,0,2,0,0
ES-1980-BU-AJMP-029 C Major 6,0,6,0,4,12,0,20,0,2,0,2
ES-1980-BU-AJMP-030 C Major 10,0,0,0,2,0,0,14,0,10,0,8
ES-1980-BU-AJMP-040 G Major 0,0,20,0,22,0,24,12,0,4,0,0
ES-1980-BU-AJMP-043 C Major 11,0,7,0,2,1,0,6,0,7,0,8
ES-1991-AV-KS-077 C Minor 19,0,13,13,2,14,0,23,5,0,0,3
ES-1991-BA-KS-194 C Major 11,0,23,0,19,13,0,9,0,2,0,0
ES-1991-BA-KS-375 C Phrygian 4,4,0,10,4,14,0,12,8,0,0,0
ES-1991-XX-KS-192 G Major 0,0,9,0,17,0,13,11,0,2,0,0
ES-1991-LE-KS-431 G Major 11,0,11,0,0,0,0,27,0,14,0,18
ES-1991-LO-KS-445 G Major 26,0,17,0,3,0,0,0,0,7,0,20
ES-1991-LO-KS-457 G Major 24,0,28,0,6,0,2,6,0,10,0,24
ES-1991-SG-KS-538 A Major 0,0,0,0,20,0,4,0,10,30,0,8
ES-1991-SG-KS-650 C Major 8,0,8,0,10,16,0,16,0,4,0,0
ES-1991-SO-KS-574 C Major 28,0,25,0,15,0,0,10,0,0,0,0
ES-1991-SO-KS-575 F Jonic 0,0,0,0,2,14,0,16,0,7,0,0
ES-1991-SO-KS-576 F Major 4,0,0,0,4,20,0,16,0,8,0,0
ES-1991-SO-KS-626 D Major 0,2,6,0,9,0,7,0,0,0,0,0
ES-1991-SO-KS-642 D Major 0,0,2,0,6,0,8,16,0,14,0,2
ES-1991-SO-KS-666 C Major 30,0,12,0,12,8,0,16,0,6,0,16
ES-1991-SO-KS-691 C Jonic 10,0,0,0,14,8,0,26,0,6,0,4
ES-1991-SO-KS-694 G Major 1,0,7,0,0,0,1,8,0,8,0,5
ES-1991-SO-KS-698 C Major 6,0,2,0,14,0,0,18,0,4,0,12
ES-1991-SO-KS-726 C Major 6,0,4,0,8,5,0,7,0,2,0,0
ES-1991-SO-KS-738 G Major 4,0,2,0,0,0,0,9,0,9,0,10
ES-1991-SO-KS-743 G Major 0,0,8,0,0,0,0,11,0,0,0,4
ES-1991-SO-KS-808 A Major 0,8,5,0,12,0,2,0,0,8,0,8
ES-1991-SO-KS-817 F Major 7,0,2,0,0,17,0,11,0,8,5,0
ES-1991-SO-KS-887 C Major 4,0,4,0,10,8,0,18,0,2,0,0
ES-1991-SO-KS-888 A Major 0,2,1,0,7,0,2,0,0,3,0,3
ES-1992-BU-FO-022 F Eolian 8,0,0,0,0,8,0,8,14,0,8,0
ES-1992-BU-FO-023 D Jonic 0,27,32,0,8,0,12,5,0,12,0,18
ES-1992-BU-FO-028 A Jonic 0,16,17,0,42,0,20,0,3,0,0,6
ES-1992-BU-FO-032 E Major 0,4,0,6,30,0,44,0,40,30,0,12
ES-2000-AS-EMT-003 G Jonic 10,0,0,0,0,0,1,10,0,10,0,12
ES-2000-AS-MT-006 C Major 17,0,13,0,10,4,0,12,0,5,0,9
ES-2006-TE-MAL-002 G Protomelodic 0,0,0,0,0,0,2,17,0,15,0,13
ES-1980-BU-AJMP-009 C Major 8,0,6,0,20,14,2,16,2,20,0,6
ES-1980-BU-AJMP-021 C Major 16,0,4,0,0,0,0,17,0,16,0,12
ES-1980-BU-AJMP-039 D Aeolian 8,0,4,0,0,0,0,16,0,34,14,0
ES-1980-BU-AJMP-047 A Eolian 2,0,6,0,16,2,2,6,2,4,0,2
ES-1991-CC-KS-338 D Majorminor 0,0,8,0,8,6,6,14,0,10,0,0
ES-1991-CL-KS-147 G Jonic 0,0,6,0,0,0,0,56,0,16,0,4
ES-1991-LO-KS-454 E Jonic 8,0,2,0,10,8,0,12,0,12,0,6
ES-1991-SO-KS-718 E Phrygian 2,0,0,0,7,3,0,8,0,9,0,2
ES-1991-SO-KS-801 D Phrygian 0,0,14,6,0,8,2,26,0,18,10,0
ES-1992-BU-FO-031 G Eolian 16,0,1,0,2,2,0,19,0,8,5,10
ES-1992-BU-FO-034 C Jonic 37,0,11,0,12,12,0,20,0,24,0,14
ES-2000-AS-EMT-001 G Jonic 20,0,0,0,0,0,0,42,0,33,0,11
ES-1980-BU-AJMP-010 A Eolian 16,0,8,0,12,8,0,4,0,0,0,2
ES-1980-BU-AJMP-038 C Major 6,0,8,0,12,6,0,16,0,2,0,0
ES-1980-BU-AJMP-045 C Eolian 16,0,8,0,12,8,0,4,0,0,0,2
ES-1991-AV-KS-070 F Major 4,0,6,0,6,14,0,16,0,12,2,0
ES-1991-CC-KS-157 D Jonic 0,2,3,0,1,0,4,11,0,22,0,11
ES-1991-CC-KS-221 F Major 10,0,2,0,0,20,0,14,0,16,6,0
ES-1991-CC-KS-222 Db Major 7,14,0,12,0,16,15,0,21,0,5,0
ES-1991-CC-KS-723 G Minor 10,0,20,4,0,0,0,4,0,6,4,0
ES-1991-LO-KS-437 C Major 6,0,8,0,16,4,0,12,0,2,0,0
ES-1991-SO-KS-573 G Major 12,0,22,0,6,0,0,10,0,8,0,18
ES-1991-SO-KS-692 C Major 5,0,2,0,3,10,0,12,0,2,0,0
ES-1991-SO-KS-695 G Minor 6,0,15,3,0,0,0,7,0,3,6,0
ES-1991-SO-KS-724 G Minor 13,0,31,0,0,0,9,20,0,13,13,0
ES-1991-SO-KS-727 F Major 25,0,6,0,5,18,0,16,0,16,16,0
ES-1991-SO-KS-729 C Major 20,0,6,0,8,6,0,22,0,2,0,2
ES-1991-SO-KS-740 F Major 4,0,2,0,0,6,0,6,0,17,9,0
ES-1991-SO-KS-746 C Jonic 8,0,4,0,12,2,0,14,0,6,0,4
ES-1991-SO-KS-804 C Major 26,0,14,0,18,16,0,20,0,6,0,4
ES-1991-SO-KS-864 G Major 6,0,10,0,14,0,14,19,0,15,0,12
ES-1991-SO-KS-873 A Mixolydian 30,0,12,0,6,2,0,0,0,2,12,0
ES-1991-SO-KS-878 D Major 0,1,5,0,4,0,3,3,0,12,0,7
ES-1991-SO-KS-889 A Major 0,10,12,0,11,0,2,0,0,4,0,6
ES-1992-BU-FO-020 G Major 28,0,56,0,12,0,0,0,0,4,0,12
ES-1992-BU-FO-030 G Phrygian 5,0,14,8,0,3,0,15,6,0,20,0
ES-1992-BU-FO-033 A Jonic 0,15,17,0,18,0,4,0,2,15,0,12
ES-1992-BU-FO-035 G Major 25,0,13,0,0,0,7,14,0,20,0,25
ES-1992-BU-FO-037 G Jonic 10,0,17,0,0,0,0,32,0,25,0,45
ES-1992-BU-FO-038 G Eolian 16,0,34,5,0,0,8,31,0,24,11,0
ES-1980-BU-AJMP-044 G Major 2,0,8,0,1,0,0,5,0,4,0,4
ES-1980-BU-AJMP-001 E Phrygian 0,0,5,0,15,3,3,14,2,9,0,0
ES-2000-CC-MGM-002 E Phrygian 4,0,2,0,8,4,0,12,0,12,0,10
ES-2000-CC-MGM-007 G Mixolydian 4,0,6,0,6,2,2,8,0,8,0,8
ES-2008-SA-DL-006 E Phrygian 0,0,1,2,6,3,1,8,5,10,0,3
ES-1980-BU-AJMP-042 E Eolian 4,0,3,4,14,0,16,20,0,15,0,12
ES-2000-AS-EMT-013 G Major 8,0,24,0,8,0,4,12,0,24,0,8
ES-1991-CC-KS-362 D Phrygian 0,0,7,7,0,7,4,15,0,5,1,0
ES-1991-CC-KS-373 E Aeolian 4,0,2,0,5,0,2,2,1,3,0,6
ES-1991-CC-KS-374 E Aeolian 2,0,3,0,6,0,4,4,1,4,0,7
ES-1991-XX-KS-134 C Phrygian 16,7,0,6,3,12,0,18,12,6,17,0
ES-1992-BU-FO-001 G Phrygian 16,0,0,0,0,2,0,27,2,14,16,0
ES-1992-BU-FO-003 A Eolian 14,0,24,0,24,4,2,4,4,20,0,16
ES-1992-BU-FO-007 E Phrygian 8,0,4,0,7,3,0,11,0,5,0,12
ES-1992-BU-FO-009 A Dorian 13,0,0,0,0,0,1,0,0,17,0,16
ES-1992-BU-FO-014 G Minor 0,0,12,0,4,0,8,13,0,0,0,0
ES-1992-BU-FO-016 A Aeolian 14,0,12,0,8,0,0,2,0,12,0,4
ES-2000-AS-EMT-014 C Minor 26,0,21,6,0,8,0,23,10,0,14,0
ES-2000-AS-EMT-016 G Minor 5,0,15,0,1,0,8,6,0,12,3,0
ES-2000-CC-MGM-001 E Phrygian 0,0,6,0,16,13,0,15,0,22,0,4
ES-2000-CC-MGM-003 E Phrygian 1,0,0,0,10,9,0,7,4,16,0,5
ES-2000-CC-MGM-004 G Phrygian 18,0,9,2,0,2,0,23,7,7,12,7
ES-2000-CC-MGM-006 F# Phrygian 0,2,0,0,0,0,15,12,0,17,2,14
ES-2008-SA-DL-001 A Phrygian 5,1,3,0,0,1,0,4,0,14,9,1
ES-2008-SA-DL-003 A Phrygian 0,9,10,0,7,4,0,2,0,15,4,2
ES-2008-SA-DL-004 G Phrygian 8,0,0,0,0,1,1,15,6,8,6,6
ES-2008-SA-DL-009 G Eolian 1,0,8,3,0,1,3,7,0,6,3,0
ES-2008-SA-DL-011 E Eolian 1,0,0,0,5,0,3,0,5,4,0,7
ES-2008-SA-DL-013 G Eolian 3,0,33,11,0,17,0,11,0,0,0,0
ES-2008-SA-DL-014 E Phrygian 2,0,1,0,8,1,1,3,3,7,0,4
ES-2008-SA-DL-015 E Phrygian 9,0,4,0,16,0,10,12,9,23,0,12
ES-1980-BU-AJMP-003 C Major 24,0,9,0,3,2,2,20,0,14,0,14
ES-1991-CC-KS-371 E Eolian 3,0,0,0,8,0,7,10,0,4,0,12
ES-1992-BU-FO-008 A Protomelodic 0,13,3,0,0,0,0,0,0,5,0,6
ES-1992-BU-FO-011 E Jonic 0,0,0,2,13,0,14,0,10,10,0,10
ES-1992-BU-FO-012 C Dorian 10,0,7,2,0,0,0,5,0,1,3,0
ES-1992-BU-FO-017 C Minor 8,0,5,7,0,3,0,4,0,2,0,2
ES-2000-AS-EMT-006 G Major 8,0,8,0,0,0,8,18,0,16,0,10
ES-2000-AS-EMT-010 G Jonic 22,0,0,0,6,0,2,12,0,8,0,4
ES-2000-AS-EMT-012 G Jonic 6,0,12,0,6,0,10,19,0,11,0,6
ES-2008-SA-DL-002 G Protomelodic 6,0,0,0,0,0,0,13,0,9,0,11
ES-2008-SA-DL-005 G Protomelodic 4,0,0,0,0,0,0,15,0,15,0,10
ES-2008-SA-DL-007 G Protomelodic 10,0,0,0,0,0,0,16,0,11,0,27
ES-2008-SA-DL-008 D Jonic 0,0,6,0,7,0,12,3,0,6,0,1
ES-2008-SA-DL-010 G Major 3,0,7,0,0,0,1,8,0,6,0,5
ES-2008-SA-DL-012 C Jonic 3,0,7,0,0,0,1,8,0,6,0,5
ES-1980-BU-AJMP-036 G Minor 12,0,16,4,0,0,10,20,0,16,14,0
ES-1991-SG-KS-533 B Phrygian 3,0,7,5,15,0,12,6,0,6,0,15
ES-1991-SG-KS-534 B Phrygian 2,0,8,6,23,0,14,6,0,6,0,18
ES-1991-SG-KS-535 B Phrygian 0,0,24,0,24,0,14,8,0,20,0,38
ES-1991-SG-KS-537 B Aeolian 0,0,12,0,11,0,10,4,0,10,0,19
ES-1992-BU-FO-002 F# Phrygian 0,2,0,0,0,0,26,10,2,10,0,10
ES-1992-BU-FO-013 G Jonic 11,0,0,0,0,0,0,12,0,7,0,15
ES-1992-BU-FO-018 G Jonic 4,0,9,0,1,0,0,6,0,3,0,7
ES-2000-AS-EMT-015 D Eolian 11,4,19,0,11,4,0,2,0,9,8,0
ES-2000-CC-MGM-005 G Aeolian 4,0,8,2,1,1,0,12,0,10,10,1
ES-2006-TE-MAL-001 C Jonic 10,0,17,0,22,13,1,12,0,10,0,17
ES-1991-AV-KS-189 F Major 10,0,0,0,0,18,0,14,0,14,8,0
ES-1991-SO-KS-706 G Major 9,0,10,0,3,0,8,14,0,10,0,7
ES-1991-SO-KS-707 G Minor 3,0,4,3,2,3,12,32,0,45,33,0
ES-1991-SO-KS-720 G Minor 12,0,14,4,0,0,2,14,0,12,12,0
ES-1992-BU-FO-004 Eb Jonic 6,0,2,16,0,16,0,6,10,0,30,0
ES-1992-BU-FO-005 E Aeolian 2,0,1,0,9,0,7,12,1,14,0,4
ES-1992-BU-FO-006 E Jonic 0,10,0,0,10,0,16,0,14,12,0,20
ES-1992-BU-FO-010 G Jonic 8,0,7,0,0,0,0,9,0,2,0,10
ES-2000-AS-EMT-008 G Jonic 8,0,2,0,0,0,3,17,0,11,0,15
ES-2000-AS-EMT-009 G Jonic 40,0,4,0,0,0,10,70,0,52,0,72
ES-2000-AS-EMT-011 G Jonic 24,0,44,0,15,0,2,20,0,36,0,18
IT-XXXX-SS-LE-009 D Major 0,4,35,6,27,0,7,1,0,1,0,0
IT-XXXX-VE-VA-013 E Flat Major 0,0,0,9,0,23,0,19,0,0,0,0
IT-XXXX-VI-PA-063 C Major 13,0,2,0,6,4,0,9,0,4,0,1
IT-1939-MI-FR-XXX F Major 32,0,8,0,0,10,0,14,0,28,18,0
IT-1939-MI-FR-XXXb F Major 9,0,1,0,1,7,0,11,0,14,10,0
IT-1939-MI-FR-XXXc F Major 4,0,22,0,4,0,13,16,0,19,0,26
IT-1939-MI-FR-XXXd D Major 0,0,2,0,3,0,7,1,0,7,0,3
IT-1939-MI-FR-XXXe F Major 10,0,1,0,4,12,0,3,0,11,10,0
IT-1939-MI-FR-XXXf F Major 2,0,2,0,4,9,0,7,0,5,1,0
IT-1939-MI-FR-XXXg F Major 7,0,3,0,0,2,0,6,0,13,6,0
IT-1952-RO-CO-020a C Major 2,0,1,0,8,0,0,15,0,13,0,0
IT-1952-RO-CO-031a C Major 6,0,3,0,8,3,1,50,0,19,0,17
IT-1952-RO-CO-032 E Flat Major 6,0,6,16,0,4,0,14,4,0,20,0
IT-1952-RO-CO-040a D Major 0,0,0,0,2,0,12,9,2,12,0,7
IT-1952-RO-CO-047 F Major 10,0,4,0,6,21,0,14,0,11,10,0
IT-1954-Friuli-FI-XXX G Major 0,0,0,0,5,11,0,5,0,6,3,0
IT-1956-LU-BO-XXXc E Minor 0,0,0,0,4,0,4,4,0,0,0,0
IT-1957-TO-NI-XXX G Major 2,0,1,0,1,0,1,3,0,5,0,12
IT-1965-XX-RA-053 D Major 0,0,7,0,1,0,33,2,0,7,0,4
IT-1965-XX-RA-054 D Major 0,1,4,0,6,0,16,9,0,4,0,2
IT-1965-XX-RA-055 C Major 1,0,1,0,16,1,0,21,0,12,0,0
IT-1965-XX-RA-056 F Major 11,0,1,0,0,8,0,10,0,17,8,0
IT-1966-XX-SC-009 C Major 2,0,0,0,12,0,0,22,0,20,0,2
IT-1966-XX-SC-010 D Major 0,0,8,0,10,0,10,6,0,16,0,4
IT-1966-XX-SC-011 F Major 2,0,0,0,3,12,0,8,0,12,1,0
IT-1966-XX-SC-013 F Major 2,0,0,0,0,8,0,8,0,9,0,0
IT-1966-XX-SC-016 F Major 14,0,6,0,6,16,0,10,0,14,2,0
IT-1966-XX-SC-018 D Major 0,4,12,0,16,0,8,8,0,8,0,0
IT-1966-XX-SC-020 D Minor 2,3,13,0,16,10,0,9,6,28,10,0
IT-1966-XX-SC-022 E Minor 2,0,0,4,10,0,8,14,0,6,0,16
IT-1966-XX-SC-023 E Minor 0,0,0,0,20,0,12,22,0,14,0,22
IT-1966-XX-SC-024 D Minor 0,0,14,0,8,10,0,12,0,18,2,0
IT-1966-XX-SC-025 A Major 0,20,12,0,26,0,14,0,8,20,0,20
IT-1966-XX-SC-026 A Major 0,18,4,0,24,0,14,0,10,16,0,8
IT-1966-XX-SC-029 B Flat Major 20,0,48,26,2,48,0,10,0,8,20,0
IT-1966-XX-SC-030 F Major 16,0,3,0,2,11,0,13,0,21,10,0
IT-1966-XX-SC-035 F Major 14,0,2,0,8,10,0,12,0,12,8,0
IT-1966-XX-SC-181 C Major 4,0,4,0,14,10,0,28,0,20,0,4
IT-1966-XX-SC-188 C Major 10,0,8,0,36,26,4,40,0,32,0,16
IT-1966-XX-SC-208 D Major 0,1,13,0,10,0,11,4,0,6,0,2
IT-1981-TV-MA-420 F Major 0,0,0,0,2,27,0,0,0,0,0,0
IT-1981-TV-MA-430 A Minor 0,0,0,0,0,0,0,0,0,8,0,8
IT-1998-Piemonte-LE-105 F Major 21,0,8,0,4,5,0,5,0,11,6,0
IT-1998-Piemonte-LE-182 G Major 4,0,9,0,6,0,2,6,0,2,0,5
IT-1998-Piemonte-LE-183 G Major 7,0,10,0,0,0,0,19,0,10,0,16
IT-1998-Piemonte-LE-194 G Major 3,0,10,0,6,0,2,7,0,4,0,6
IT-1998-Piemonte-LE-338 F Major 12,0,4,0,0,6,0,12,0,28,8,0
IT-1998-Piemonte-LE-338a A Major 0,18,12,0,22,0,0,0,0,22,0,4
IT-2000-TV-MA-410 F Major 1,0,1,0,1,12,0,16,0,3,0,0
IT-2000-TV-MA-414 B Flat Major 1,0,5,2,0,11,0,6,0,2,2,0
IT-2000-TV-MA-420 F Major 0,0,0,0,2,26,0,0,0,0,0,0
IT-2000-TV-MA-425 A Major 0,1,1,0,7,0,6,0,2,1,0,1
IT-2000-TV-MA-430 A Minor 1,0,0,0,0,0,0,1,1,9,1,9
IT-2000-TV-MA-438 F Major 2,0,0,0,0,8,0,9,0,10,0,0
IT-2000-TV-MA-448 F Major 0,0,0,0,0,20,0,37,0,43,0,0
IT-2011-VR-RI-100 C Major 45,0,15,0,52,6,0,36,0,21,0,6
IT-XXXX-BG-LE-007 A Major 0,20,9,0,0,0,0,0,1,28,0,17
IT-XXXX-RO-CO-046 D Major 0,0,2,0,2,0,2,4,0,26,0,4
IT-XXXX-VE-VA-014 F Major 0,0,2,0,0,7,0,6,0,1,0,0
IT-XXXX-VE-VA-015 C Major 2,0,4,0,5,0,0,0,0,0,0,0
IT-XXXX-VE-VA-016 F Major 1,0,7,0,0,17,0,10,0,3,1,0
IT-XXXX-VE-VA-019 D Sharp Major 0,1,9,0,2,0,9,1,0,23,0,8
IT-XXXX-VE-VA-021 G Major 26,0,4,0,22,0,6,13,0,14,0,16
IT-XXXX-VE-VA-022 C Major 10,0,2,0,2,1,0,8,0,8,0,5
IT-XXXX-VE-VA-024 F Major 14,0,4,0,5,20,0,11,0,22,11,0
IT-XXXX-VE-VA-025 F Major 18,0,9,0,0,9,0,7,0,14,15,0
IT-XXXX-VE-VA-026 C Major 2,0,6,0,10,4,0,32,0,4,0,4
IT-XXXX-VE-VA-027 B Flat Major 18,0,32,22,0,24,0,19,0,0,41,0
IT-XXXX-VI-PA-031 C Major 0,0,0,0,4,0,0,6,0,4,0,0
IT-XXXX-VI-PA-032 F Major 0,0,0,0,0,11,0,17,0,25,0,0
IT-XXXX-VI-PA-033 D Major 0,0,7,0,13,0,16,0,0,0,0,0
IT-XXXX-VI-PA-035 D Major 0,0,8,0,9,0,17,0,0,0,0,0
IT-XXXX-VI-PA-039 D Major 0,2,4,0,2,0,6,2,0,13,0,7
IT-XXXX-VI-PA-041 F Major 6,0,2,0,0,0,0,4,0,6,6,0
IT-XXXX-VI-PA-042 C Major 0,0,0,0,8,0,0,6,0,5,0,0
IT-XXXX-VI-PA-048 C Major 3,0,5,0,12,8,0,24,0,6,0,0
IT-XXXX-VI-PA-049 F Major 3,0,0,0,0,8,0,8,0,7,0,0
IT-XXXX-VI-PA-051 C Major 3,0,0,0,2,4,0,14,0,4,0,2
IT-XXXX-VI-PA-052 C Major 0,0,0,0,3,0,0,17,0,6,0,0
IT-XXXX-VI-PA-055 D Major 0,0,12,0,5,0,8,5,0,3,0,0
IT-XXXX-VI-PA-057 D Major 0,0,4,0,4,0,5,3,0,12,0,2
IT-XXXX-VI-PA-058 C Major 2,0,4,0,3,0,0,16,0,2,0,0
IT-XXXX-VI-PA-059 G Major 0,0,7,0,0,0,0,3,0,8,0,9
IT-XXXX-VI-PA-060 C Major 1,0,1,0,1,2,0,12,0,2,0,0
IT-XXXX-VI-PA-062 C Major 2,0,0,0,2,3,0,12,0,4,0,2
IT-XXXX-VI-PA-065 C Major 0,0,0,0,4,0,0,11,0,11,0,0
IT-XXXX-VI-PA-066 C Major 0,0,0,0,5,0,0,8,0,6,0,1
IT-XXXX-VI-PA-067 C Major 3,0,4,0,5,0,0,18,0,2,0,0
IT-XXXX-CR-LE-006b B Dorian 0,14,12,0,8,2,16,4,0,0,0,14
IT-XXXX-TN-LE-006a A Dorian 16,0,6,0,20,8,0,0,0,16,0,14
IT-XXXX-VE-VA-020 D Mixolydian 0,0,33,0,41,0,9,1,0,29,0,6
IT-1966-XX-SC-012 D Major 0,0,8,0,16,0,16,4,0,20,0,8
IT-1966-XX-SC-014 F Major 11,0,0,0,0,37,0,16,0,17,8,0
IT-1966-XX-SC-015 D Major 0,0,11,0,12,0,33,18,0,12,0,0
IT-1966-XX-SC-017 F Major 16,0,16,0,24,32,0,12,0,16,8,0
IT-1966-XX-SC-019 D Major 0,0,8,0,10,0,16,10,0,18,0,4
IT-1966-XX-SC-021 F Major 14,0,4,0,10,18,0,24,0,20,12,0
IT-1966-XX-SC-027 A Major 6,0,4,0,8,12,0,16,0,12,10,0
IT-1966-XX-SC-028 D Major 0,0,4,0,14,0,20,16,0,36,0,8
IT-1966-XX-SC-187 C Major 5,0,6,0,14,15,0,32,0,14,0,6
IT-1966-XX-SC-213 C Major 13,0,15,0,12,10,0,5,0,7,0,7
IT-1966-XX-SC-214 F Major 1,0,0,0,2,7,0,10,0,9,4,0
IT-1966-XX-SC-223 C Minor 16,0,12,16,0,8,0,22,14,0,4,0
IT-1966-XX-SC-226 C Minor 12,2,5,9,0,11,3,22,13,0,8,1
IT-2000-TV-MA-416 F Major 6,0,2,0,0,0,0,0,0,4,6,0
IT-XXXX-MO-LE-008 C Major 10,0,22,0,20,22,0,18,0,4,0,4
IT-XXXX-VI-PA-053 F Major 10,0,1,0,3,9,0,6,0,4,2,0
IT-XXXX-VI-PA-061 G Major 0,0,0,0,0,0,0,6,0,6,0,8
IT-XXXX-VE-VA-023 A Dorian 11,0,19,0,21,12,0,0,0,5,0,12
IT-XXXX-RC-LE-002 D Dorian 6,1,15,0,14,16,0,9,0,27,4,0
IT-XXXX-SI-LE-005 A Dorian 33,0,21,0,25,5,0,0,0,20,0,28
IT-1870-RC-GI-XXX C Major 8,0,4,0,2,2,0,12,0,10,0,10
IT-1870-RC-GI-XXXb F Major 15,0,7,0,4,5,0,7,0,7,8,1
IT-1921-PT-GI-XXX E Minor 16,0,2,4,15,0,19,21,0,18,0,25
IT-1922-SS-GI-XXX B Flat Major 6,0,13,5,1,9,0,4,0,0,12,0
IT-1922-Spalato-GI-XXX D Major 0,22,6,0,2,0,22,12,0,26,0,30
IT-1935-Sicilia-GI-XXX C Major 19,0,32,0,39,39,8,50,0,25,0,0
IT-1948-LU-GI-XXX C Major 17,0,17,0,24,12,0,10,0,6,0,5
IT-1948-PI-GI-XXX F Major 0,0,5,0,23,22,0,34,0,11,7,0
IT-1948-PI-GI-XXXb F Major 6,0,0,0,0,7,0,8,0,11,2,0
IT-1948-PI-GI-XXXc F Major 6,0,0,0,0,9,0,12,0,12,5,0
IT-1948-PI-GI-XXXd D Major 0,0,14,0,22,0,42,23,0,8,0,0
IT-1950-PZ-GI-XXX D Minor 4,0,28,0,16,20,0,24,0,16,4,0
IT-1950-Roma-GI-XXX C Minor 14,0,13,13,0,9,0,10,2,0,0,2
IT-1956-FI-BO-XXXd F Minor 35,9,0,0,0,88,0,32,43,0,41,0
IT-1956-LU-BO-XXX F Minor 6,3,0,1,0,4,0,8,8,0,7,0
IT-1956-LU-BO-XXXa F Minor 6,3,0,1,0,4,0,8,8,0,7,0
IT-1956-LU-BO-XXXb E Minor 4,0,0,4,9,0,9,5,0,10,0,7
IT-1965-XX-RA-048 F Major 0,0,0,0,7,11,0,6,0,10,4,0
IT-1965-XX-RA-049a D Minor 0,0,9,0,0,9,0,3,0,0,0,0
IT-1965-XX-RA-049b C Major 0,0,1,0,14,2,0,9,0,0,0,0
IT-1965-XX-RA-052 D Major 0,0,2,0,1,0,7,2,0,10,0,6
IT-1966-XX-SC-002 F Major 0,0,0,0,0,10,0,11,0,7,2,0
IT-1966-XX-SC-003 E Minor 0,0,0,0,10,0,10,10,0,4,0,4
IT-1966-XX-SC-004 D Minor 0,4,7,0,4,4,0,2,0,3,0,0
IT-1966-XX-SC-005 D Minor 0,4,42,0,28,24,0,14,0,34,16,0
IT-1966-XX-SC-006 F Major 32,0,2,0,4,26,0,28,0,28,12,0
IT-1966-XX-SC-180 C Major 0,0,0,0,14,3,0,14,0,3,0,2
IT-1966-XX-SC-192 E Minor 0,0,0,0,13,0,13,10,0,0,0,2
IT-1966-XX-SC-204 D Major 0,0,16,0,4,0,12,8,0,4,0,0
IT-1966-XX-SC-232 E Flat Major 10,0,18,36,0,18,1,49,6,0,36,0
IT-1966-XX-SC-239 E Minor 6,0,2,8,34,0,30,56,2,18,2,14
IT-1981-TV-MA-403 A Minor 6,0,0,0,10,0,0,0,0,19,0,8
IT-1987-VR-DO-XXX A Major 0,7,7,0,9,0,3,0,0,2,0,2
IT-1998-Piemonte-LE-184 G Major 4,0,3,0,1,0,0,6,0,10,0,13
IT-1998-Piemonte-LE-341 G Major 1,0,8,0,3,0,3,11,0,6,0,15
IT-2000-TV-MA-400 C Major 6,0,13,0,13,0,0,0,0,0,0,0
IT-2000-TV-MA-403 A Minor 6,0,0,0,10,0,0,0,0,20,0,7
IT-2000-TV-MA-405 B Flat Major 1,0,12,2,0,18,0,11,0,1,1,0
IT-2011-VR-RI-099 F Major 16,0,0,0,0,19,0,21,0,22,10,0
IT-2011-VR-RI-106 F Major 2,0,1,0,3,14,0,2,0,7,3,0
IT-XXXX-MI-LE-001 A Major 0,31,16,0,15,0,12,0,7,25,0,17
IT-XXXX-VE-LE-003 C Major 30,0,50,17,45,46,0,36,3,4,1,4
IT-XXXX-VE-VA-017a C Major 1,0,12,0,5,0,0,0,0,0,0,2
IT-XXXX-VE-VA-017b C Major 3,0,6,0,9,0,0,0,0,0,0,0
IT-XXXX-VE-VA-017c C Major 2,0,6,0,6,6,0,4,0,0,0,1
IT-XXXX-VI-PA-028 F Major 0,0,0,0,5,14,0,10,0,5,5,0
IT-1965-XX-RA-049c E Ipofrigio 0,0,1,0,3,13,0,1,0,8,0,0
IT-XXXX-CN-LE-004 A Phrygian 8,0,12,0,7,2,0,1,0,3,3,0
IT-XXXX-VI-PA-030 F Major 0,4,2,0,0,0,5,6,0,9,0,7
IT-1954-Friuli-FI-XXXb F Major 11,0,2,0,2,1,0,2,0,12,7,0
IT-1965-XX-RA-050a D Major 0,0,0,0,2,0,10,6,0,7,0,3
IT-1965-XX-RA-050b D Major 0,0,0,0,4,0,9,9,0,6,0,2
IT-1965-XX-RA-050c C Major 4,0,6,0,6,4,0,6,0,4,0,0
IT-1965-XX-RA-051 D Major 0,5,10,0,8,0,6,3,0,0,0,0
IT-1966-XX-SC-001 F Major 0,0,0,0,0,7,0,4,0,5,0,0
IT-1966-XX-SC-206 D Major 0,0,16,0,12,0,21,2,0,8,0,2
IT-1966-XX-SC-212 F Minor 12,1,0,0,0,30,0,10,20,0,10,0
IT-1998-Piemonte-LE-203 G Major 8,0,7,0,4,0,1,4,0,6,0,9
IT-2011-VR-RI-098 D Major 0,7,8,4,8,0,7,4,0,4,0,9
PT-1999-BR-DM-001 F Major 47,0,7,0,1,6,0,18,0,27,56,0
PT-1999-BR-DM-004 C Major 2,0,3,0,7,7,0,8,0,4,0,1
PT-1999-BR-DM-006 C Major 4,0,4,0,8,10,0,10,0,6,0,0
PT-1999-BR-DM-007 C Major 3,0,3,0,6,9,0,11,0,6,0,2
PT-1999-BR-DM-009 F Major 6,0,1,0,0,0,0,2,0,6,10,0
PT-1999-XX-DM-002 C Major 12,0,10,0,10,18,0,24,0,14,0,20
PT-1999-XX-DM-003 G Major 4,0,6,0,4,0,4,7,0,8,0,12
PT-1999-XX-DM-008 A Eolian 7,0,7,0,5,0,0,0,0,8,0,7
PT-1999-XX-DM-010 G Major 8,1,10,0,1,0,2,8,0,8,0,8
PT-1999-XX-DM-012 F Major 15,0,7,0,8,10,0,10,0,12,12,0
PT-1999-XX-DM-014 G Major 13,0,9,0,3,0,6,9,0,11,0,10
PT-1999-XX-DM-015 C Major 4,0,2,0,8,7,0,12,0,7,0,4
PT-1999-XX-DM-016 F Major 20,0,11,0,5,17,0,18,0,35,26,0
PT-1999-XX-DM-022 E Aeolian 0,0,4,4,18,0,16,10,4,2,0,0
PT-XXXX-BR-XX-021 C Major 2,0,2,0,5,8,0,6,0,2,0,0
PT-XXXX-XX-XX-001 F Major 11,0,0,0,0,3,0,2,0,5,0,0
PT-XXXX-XX-XX-002 F Major 5,0,1,0,4,6,0,5,0,5,4,0
PT-XXXX-XX-XX-003 C Major 6,0,2,0,5,0,0,8,0,6,0,2
PT-XXXX-XX-XX-004 C Major 13,0,0,0,0,0,0,5,0,3,0,12
PT-XXXX-XX-XX-005 G Major 4,0,6,0,0,0,0,18,0,9,0,8
PT-XXXX-XX-XX-006 F Major 8,0,1,0,0,1,0,5,0,7,9,0
PT-XXXX-XX-XX-007 F Major 4,0,0,0,1,6,0,4,0,5,2,0
PT-XXXX-XX-XX-008 F Major 5,0,0,0,0,6,0,3,0,12,2,0
PT-XXXX-XX-XX-009 F Major 8,0,1,0,0,3,0,3,0,4,5,0
PT-XXXX-XX-XX-010 C Major 10,0,8,0,13,14,0,13,0,26,0,3
PT-XXXX-XX-XX-011 C Major 4,0,4,0,2,1,0,11,0,4,0,4
PT-XXXX-XX-XX-012 A Eolian 2,0,2,0,17,4,0,8,0,7,0,4
PT-XXXX-XX-XX-013 C Major 9,0,2,0,4,4,0,10,0,4,0,10
PT-XXXX-XX-XX-014 F Major 6,0,2,0,1,4,0,3,0,5,2,0
PT-XXXX-XX-XX-015 F Major 8,0,0,0,0,5,0,4,0,14,2,0
PT-XXXX-XX-XX-016 E Minor 2,0,0,4,13,0,12,7,0,5,0,9
PT-XXXX-XX-XX-017 A Eolian 6,0,0,0,16,28,0,0,0,8,0,6
PT-XXXX-XX-XX-019 D Minor 1,0,5,0,4,3,0,6,0,14,1,0
PT-XXXX-XX-XX-020 D Major 0,1,2,0,8,0,13,14,0,13,0,8
PT-XXXX-XX-XX-023 F Major 5,0,2,0,1,11,0,7,0,6,4,0
PT-XXXX-XX-XX-024 C Major 5,0,1,0,2,2,1,7,0,10,0,3
PT-XXXX-XX-XX-025 F Major 4,0,3,0,0,5,0,8,0,8,7,0
PT-XXXX-XX-XX-027 F Major 9,0,4,0,1,1,0,3,0,8,13,0
PT-XXXX-XX-XX-028 F Major 8,0,1,0,0,3,0,3,0,5,4,0
PT-XXXX-XX-XX-029 F Major 8,0,4,0,2,8,0,8,0,12,10,0
PT-XXXX-XX-XX-030 G Major 13,0,16,0,3,0,7,8,0,14,0,18
PT-XXXX-XX-XX-033 G Major 3,0,5,0,0,0,3,5,0,6,0,12
PT-XXXX-BR-XX-022 C Major 3,0,0,0,5,9,0,10,0,6,0,3
PT-1999-BR-DM-005 D Minor 1,0,4,0,1,3,1,6,0,10,5,0
PT-1999-XX-DM-011 F Major 11,0,4,0,2,8,0,10,0,19,12,0
PT-1999-XX-DM-019 C Major 15,0,15,0,21,19,0,21,0,14,0,11
PT-1999-XX-DM-020 G Jonic 5,0,2,0,0,0,1,10,0,10,0,8
PT-1999-XX-DM-021 F Major 4,0,0,0,2,4,0,4,0,14,6,0
PT-XXXX-XX-XX-018 C Major 7,0,4,0,10,9,0,18,0,8,0,4
PT-XXXX-XX-XX-026 G Major 15,0,26,0,10,0,2,4,0,6,0,17
PT-XXXX-XX-XX-031 F Major 20,0,2,0,3,8,0,9,0,9,1,0
PT-1981-CB-MG-006 G Jonic 11,0,0,0,4,0,2,39,0,43,0,37
PT-1981-VI-MG-001 D Jonic 0,0,18,0,12,0,8,0,0,0,0,4
PT-1981-VI-MG-005 G Jonic 10,0,0,0,0,0,3,10,0,11,0,17
PT-1999-XX-DM-017 F Jonic 0,0,4,0,0,18,0,14,0,8,0,0
PT-1981-FA-MG-002 F Jonic 1,0,1,0,2,15,0,16,0,19,6,0
PT-1999-XX-DM-018 E Eolian 1,2,2,0,29,0,20,30,0,13,0,2
PT-1981-BR-MG-004 B Eolian 0,20,30,0,13,0,2,1,2,3,0,28
PT-1981-VC-MG-003 F Jonic 8,0,4,0,0,12,0,28,0,42,30,0
PT-1998-XX-DM-001 F Major 11,0,0,0,0,3,0,1,0,6,0,0
PT-1998-XX-DM-010 C Major 10,0,8,0,13,14,0,13,0,26,0,3
PT-1998-XX-DM-011 C Major 4,0,4,0,2,1,0,11,0,4,0,4
PT-1998-XX-DM-012 None Phrygian 4,0,4,0,34,6,0,18,0,14,0,8
PT-1998-XX-DM-013 C Major 9,0,2,0,4,4,0,10,0,4,0,10
PT-1998-XX-DM-014 F Major 6,0,2,0,1,4,0,3,0,5,2,0
PT-1998-XX-DM-015 F Major 8,0,0,0,0,5,0,4,0,14,2,0
PT-1998-XX-DM-016 E Minor 4,0,0,4,14,0,14,10,0,8,0,14
PT-1998-XX-DM-017 A Minor 6,0,0,0,16,28,0,0,0,8,0,6
PT-1998-XX-DM-018 C Major 7,0,4,0,10,9,0,18,0,8,0,4
PT-1998-XX-DM-019 D Minor 2,0,8,0,4,4,0,6,0,20,2,0
PT-1998-XX-DM-020 D Major 0,0,2,0,8,0,12,15,0,13,0,9
PT-1998-XX-DM-021 C Major 2,0,2,0,5,8,0,6,0,2,0,0
PT-1998-XX-DM-022 C Major 3,0,0,0,5,9,0,10,0,6,0,3
PT-1998-XX-DM-023 F Major 5,0,2,0,1,11,0,7,0,6,4,0
PT-1998-XX-DM-024 C Major 5,0,1,0,2,2,1,7,0,10,0,3
PT-1998-XX-DM-025 F Major 4,0,3,0,0,5,0,8,0,8,7,0
PT-1998-XX-DM-026 G Major 15,0,26,0,10,0,2,4,0,6,0,17
PT-1998-XX-DM-027 F Major 9,0,4,0,1,1,0,3,0,8,13,0
PT-1998-XX-DM-028 F Major 8,0,1,0,0,3,0,3,0,5,4,0
PT-1998-XX-DM-029 F Major 16,0,8,0,4,16,0,16,0,22,22,0
PT-1998-XX-DM-003 C Major 6,0,2,0,5,0,0,8,0,6,0,2
PT-1998-XX-DM-030 G Major 2,0,12,0,0,0,8,32,0,18,0,8
PT-1998-XX-DM-031 G Major 13,0,16,0,3,0,7,8,0,14,0,18
PT-1998-XX-DM-032 F Major 20,0,2,0,3,8,0,9,0,9,1,0
PT-1998-XX-DM-033 G Major 3,0,5,0,0,0,3,5,0,6,0,12
PT-1998-XX-DM-004 C Major 13,0,0,0,0,0,0,5,0,3,0,12
PT-1998-XX-DM-005 G Major 4,0,6,0,0,0,0,18,0,9,0,8
PT-1998-XX-DM-006 F Major 8,0,1,0,0,1,0,5,0,7,9,0
PT-1998-XX-DM-007 F Major 4,0,0,0,1,6,0,5,0,4,2,0
PT-1998-XX-DM-008 F Major 5,0,0,0,0,6,0,3,0,12,2,0
PT-1998-XX-DM-009 F Major 8,0,1,0,0,3,0,3,0,4,5,0
